0 0.09453125 0.09140625 0.03671875 0.05546875
0 0.44609375 0.12578125 0.0234375 0.03671875
0 0.55625 0.4109375 0.0375 0.0328125
0 0.10078125 0.17109375 0.0375 0.0546875
0 0.4203125 0.10625 0.0328125 0.1015625
1 0.7015625 0.6890625 0.015625 0.08046875
0 0.3796875 0.109375 0.028125 0.09609375
1 0.7046875 0.028125 0.01875 0.02890625
1 0.8453125 0.72421875 0.0078125 0.0765625
1 0.9578125 0.73515625 0.0078125 0.1078125
0 0.91015625 0.25546875 0.0328125 0.03515625
0 0.44296875 0.08203125 0.0234375 0.03671875
0 0.628125 0.35703125 0.03203125 0.03203125
0 0.62578125 0.40390625 0.02109375 0.01875
0 0.96796875 0.3609375 0.0140625 0.028125
0 0.9875 0.4234375 0.025 0.0265625
0 0.99765625 0.3671875 0.0046875 0.02421875