0 0.374540 0.154816 0.008042 0.012282
0 0.377054 0.137901 0.023696 0.028442
0 0.378849 0.121741 0.034754 0.040078
0 0.379926 0.106766 0.024270 0.029089
0 0.379136 0.080047 0.008042 0.011420
0 0.373109 0.099588 0.017993 0.022703
0 0.791035 0.059742 0.028483 0.052619
0 0.808764 0.026600 0.029064 0.052619
0 0.835627 0.429987 0.056596 0.103230
0 0.849221 0.411672 0.059371 0.104063
0 0.915943 0.561314 0.124012 0.198551
0 0.873496 0.383159 0.074074 0.136114
0 0.925099 0.453089 0.058538 0.084499
0 0.956865 0.549242 0.084339 0.141941
0 0.985856 0.505328 0.026356 0.064103
0 0.948264 0.426865 0.059925 0.098651
0 0.898881 0.340493 0.062145 0.106560