1 0.231357 0.465302 0.016917 0.025237
1 0.264229 0.905512 0.008651 0.027689
0 0.284627 0.905881 0.029975 0.093407
0 0.001899 0.287953 0.003798 0.013431
0 0.003798 0.299247 0.007324 0.015670
0 0.055339 0.354803 0.026855 0.022182
0 0.055813 0.369353 0.026449 0.019129
0 0.056220 0.034493 0.014784 0.011600
0 0.283678 0.075295 0.017225 0.026862
0 0.282864 0.117725 0.023465 0.044160
0 0.322944 0.062576 0.004340 0.039683
0 0.334201 0.026150 0.021701 0.034799
0 0.347154 0.011396 0.004747 0.013838
0 0.673489 0.018213 0.030789 0.035613
0 0.694377 0.019638 0.013699 0.038462
0 0.636529 0.041209 0.013021 0.081197
0 0.657688 0.155067 0.037977 0.045584
0 0.493890 0.545243 0.021775 0.097515
0 0.524243 0.523958 0.046189 0.083655
0 0.422957 0.188100 0.017816 0.027720
0 0.443742 0.187853 0.027053 0.060885
0 0.425267 0.216563 0.017816 0.014355
0 0.479703 0.182408 0.023754 0.079695