0 0.306266 0.101387 0.058855 0.092883
0 0.348990 0.089940 0.028338 0.115777
0 0.411551 0.533752 0.033133 0.098116
0 0.434658 0.510858 0.024414 0.035322
0 0.437055 0.551413 0.021362 0.034014
0 0.370789 0.539312 0.026594 0.089613
0 0.082397 0.657051 0.037493 0.052983
0 0.089155 0.731293 0.037929 0.052329
0 0.133187 0.672750 0.023106 0.151099
0 0.119019 0.503336 0.052316 0.047750
0 0.621033 0.698587 0.030082 0.043171
0 0.618199 0.742739 0.021798 0.026818
0 0.526210 0.763998 0.012207 0.048404
0 0.548880 0.781195 0.035749 0.037558
0 0.567627 0.743888 0.004826 0.045575
0 0.963788 0.589488 0.015330 0.028111
0 0.995015 0.583312 0.008517 0.025130
0 0.992460 0.638896 0.013626 0.028963
0 0.977698 0.651674 0.015898 0.018741
1 0.735403 0.893390 0.018452 0.029389
1 0.693956 0.963242 0.012775 0.026834
1 0.691259 0.995187 0.011923 0.008093
1 0.840724 0.937686 0.007097 0.032797
1 0.837885 0.981983 0.008233 0.023426
1 0.952006 0.898288 0.004826 0.039186
1 0.952355 0.940274 0.005379 0.020488
1 0.950700 0.965884 0.005793 0.018936
1 0.701904 0.332287 0.020578 0.025118