1 0.151062 0.632195 0.050136 0.148482
0 0.638791 0.381888 0.017921 0.079105
0 0.670153 0.374776 0.022466 0.075793
0 0.686970 0.355974 0.016622 0.024940
0 0.688139 0.387538 0.015583 0.026498
0 0.623067 0.041400 0.035604 0.066774
0 0.646718 0.039301 0.011698 0.078602
0 0.497811 0.427350 0.025485 0.037915
0 0.501452 0.481653 0.025057 0.037273
0 0.482285 0.457554 0.014563 0.107320
0 0.362999 0.400681 0.031695 0.012853
0 0.365140 0.427672 0.031267 0.014781
0 0.436669 0.417390 0.026127 0.013495
0 0.436776 0.442452 0.029340 0.014781
0 0.791590 0.564049 0.013930 0.017776
0 0.794821 0.549720 0.017090 0.010450
0 0.793170 0.526557 0.018670 0.029843
0 0.808518 0.250123 0.007895 0.009659
0 0.809156 0.272311 0.008320 0.010479
0 0.748305 0.582334 0.022611 0.027889