0 0.476926 0.322004 0.057912 0.153335
0 0.446834 0.342022 0.060751 0.156742
0 0.414471 0.363745 0.064726 0.159298
0 0.568621 0.248105 0.045422 0.104353
0 0.810348 0.771360 0.038892 0.154187
0 0.665851 0.742184 0.050248 0.146946
0 0.624546 0.708110 0.042583 0.077093
0 0.724615 0.947909 0.037757 0.102649
0 0.524051 0.968140 0.032363 0.063038
0 0.489843 0.969418 0.037757 0.059630
0 0.480332 0.691924 0.032931 0.093279
0 0.490694 0.658276 0.029240 0.083908
0 0.149749 0.793935 0.086017 0.162706
0 0.100495 0.854417 0.090843 0.150779